.Random.seed <-
c(403L, 10L, -206828903L, 1524978472L, -188653098L, -2112401839L, 
640904451L, 1295777938L, 987026980L, -1933563673L, -1771692739L, 
-1462699596L, -932485606L, -1206106779L, -1828426753L, -1946776954L, 
284031504L, -1252679501L, 1555807057L, 915478272L, 2133112286L, 
-1159299543L, -287967781L, 1978137322L, -1774356340L, 927066063L, 
-450314363L, 765103164L, 739155218L, 932715021L, 1439707463L, 
-965053650L, -335909240L, -112359541L, -298080407L, 106305848L, 
845243366L, -271699071L, -953521389L, 613061826L, -1822740620L, 
213496695L, -1091779475L, -160793852L, -825785814L, -172839019L, 
-1266846673L, -1420964554L, 1636767072L, 1756058531L, 662844609L, 
1531655344L, 1825493966L, 2009413433L, 1110853451L, -635292422L, 
-590238212L, -287375809L, -548207851L, 1845002284L, -1210072830L, 
-1850414627L, -1790789417L, 2044494782L, -2041592328L, 268313051L, 
-1292013511L, 1334479240L, 563160374L, 897884017L, -1523937885L, 
-1295609614L, -718402492L, 1319008007L, -410282275L, -300918828L, 
-289085702L, -224945595L, 1518541471L, -1964132314L, -1917440848L, 
155401555L, -1156945807L, 1072100768L, 1108896062L, -290834359L, 
-954610437L, -362847030L, -382412244L, -1285595601L, 135683813L, 
1681216412L, -1609386510L, -1729777555L, -204777049L, -1435350066L, 
1465839912L, 1975579435L, 101536073L, -1359927720L, 1986180870L, 
783266529L, -421882253L, 346029794L, 1131446868L, 575662935L, 
-1821765811L, 1958130404L, -2123392310L, -1110469835L, -296330865L, 
-1216524650L, 268463680L, 1984771843L, -1196888287L, 598153232L, 
-1102872594L, 1930755993L, 1750558763L, -200192742L, -418275364L, 
7389663L, -176912971L, 1354826572L, -355589726L, -1515122435L, 
848076279L, 1384098590L, 1583511000L, 818540347L, 1749805273L, 
-296557464L, -939705962L, 330582289L, -533247293L, -1960951086L, 
-703495324L, 927409831L, -22859779L, -1936578060L, 318060250L, 
1626744869L, 1337337151L, 2078583494L, -1290549424L, 832239475L, 
-683525743L, 197741504L, 259325342L, 313323369L, 704277403L, 
843002538L, 849419468L, 2033829263L, 1036739013L, -28211844L, 
-756642350L, 1140504909L, 2050821127L, -1408783378L, 874869448L, 
-342585909L, 1221175337L, 213896824L, 1531300774L, -1052598847L, 
-1939539373L, 1066742018L, -1846527948L, 842981815L, -718985811L, 
-1253048636L, -602582294L, 499737941L, -2115216657L, -1171371786L, 
-1750276064L, -1477051933L, 1512090241L, -11909904L, -1880163442L, 
592172281L, 102710923L, 697970362L, -204234308L, 1438888703L, 
1593935445L, 2041520492L, 1616462274L, 216275485L, 641180311L, 
942582782L, -1590728776L, -2118329445L, 2083193337L, -1625870008L, 
-1849676682L, 1869011377L, 2030184419L, -847670094L, -1304086268L, 
323240519L, 1296917789L, -41409644L, -329648326L, -890594427L, 
1371852895L, -583650586L, 1369266544L, 1770693267L, 1188248369L, 
-1719162400L, -145691010L, -1309969143L, -1768675525L, 2132188938L, 
-1810071828L, 797543279L, -477012827L, 1853046364L, -50973134L, 
-412580563L, 1060852711L, -825863410L, 1182766312L, 1373703915L, 
50929545L, 1921317656L, 1004580422L, -1942257726L, -780895448L, 
-27056724L, 1593506108L, 1196349298L, -89933520L, 2034216740L, 
1149009208L, -736429350L, 208349072L, -64666884L, 1582157716L, 
-1349380030L, 1323728128L, 1384633404L, 1842750800L, 533825698L, 
-80193720L, 1347972876L, 453454556L, -153506990L, -1378688384L, 
-1633965996L, -650026008L, -1810680070L, -927616688L, 396135212L, 
-1681236108L, 1478925202L, 1064984160L, -545095796L, 1313071968L, 
-431439902L, -1414914136L, 971433164L, 1380507132L, -665263182L, 
-171265552L, -185486908L, -1714355880L, -1256860294L, 570757552L, 
-764715076L, 939397204L, -316779582L, 924744736L, 1263418556L, 
-2079763888L, 1918474210L, -921768344L, 162077260L, -334204676L, 
1393033202L, 12702976L, -1150955660L, 1630371848L, -1621230150L, 
-1183849008L, -1406387220L, 1236295572L, -1395665966L, -1889089696L, 
-84066996L, -61809376L, -674225278L, -255479064L, 1957823724L, 
-1153957316L, -368974990L, 586644080L, -1278242780L, -1536303304L, 
-1631763302L, 1556224720L, -1781004100L, 387282580L, 117829250L, 
544668864L, -928198340L, -1555912560L, -1050951134L, -1515135480L, 
1577548044L, 1598425756L, -591862254L, 158459264L, -610593260L, 
973770280L, 1906070842L, -1623640112L, -248544660L, 547065652L, 
-754312558L, 2098952544L, 1836599628L, -1408565280L, 1033861026L, 
823627688L, 188982156L, -1045072196L, -1745945742L, -267249424L, 
1552740420L, -632980136L, -1561844678L, -1051272336L, -475673540L, 
1571750676L, -849641022L, 1881858272L, 1432602492L, -421062960L, 
-1322211678L, -1902236632L, -1441935092L, -1697002564L, 1924259122L, 
1511241664L, -2079026636L, -2083480632L, -1567869766L, -839172208L, 
-749212180L, 1198469204L, 1376956050L, -775466208L, 98379212L, 
-694584352L, 1059486402L, 1377700392L, -1462737236L, -19281220L, 
-332477966L, 1834907952L, -243884892L, -943801672L, -58444966L, 
133690768L, 1846813052L, -1075329772L, 1169551682L, -374039808L, 
-1500189764L, -1344228528L, -1791379166L, -1847337656L, 1809209356L, 
-1248026532L, 292830418L, -1333520384L, 1518418772L, -882173464L, 
1181585402L, 173919952L, -1680657108L, -912654092L, 638400402L, 
875846752L, 1917701388L, 1107214048L, 1648508258L, -1475272024L, 
2008140364L, 2099398524L, -536720590L, -805079440L, -1770152636L, 
-932021288L, -883654534L, 1610872368L, -728210756L, -1340356780L, 
-1181175230L, 1832575904L, -1025679172L, 109779408L, 333964642L, 
634293224L, -1238888500L, -390490372L, 574304242L, -408109952L, 
-725698316L, -1188633464L, 903955770L, -1543523504L, 711310444L, 
-1668657004L, 1521809746L, -575117600L, -1272946484L, 1063891104L, 
1888694658L, 1013944552L, -1612656404L, -810127300L, 497406066L, 
1305852016L, -224839132L, -717499848L, 1390453274L, 483010768L, 
-157067716L, 1711543444L, 195675266L, 209416128L, 1251206460L, 
-701843824L, 1821674530L, 910395400L, -516459380L, 1713674268L, 
-2052602734L, -2133078912L, -1471439852L, -581016792L, -1302107078L, 
-344748848L, -1607619476L, 1668241076L, 1335410706L, 1119555552L, 
518108108L, -1389390368L, 951483426L, -1737411288L, 998301964L, 
356749151L, -602067223L, 186576382L, 1464123884L, -247436995L, 
-8111865L, -1033082640L, 1529418894L, 1517006523L, 1838382749L, 
1281100362L, 1812400232L, 1822382161L, 1513016131L, -944685500L, 
2129050866L, -377259833L, -93218159L, -1674181610L, 1665904244L, 
326883589L, -1359620273L, 1046708552L, -293802778L, 646365715L, 
-1524017803L, -322328238L, -2084028000L, -1254532983L, 605515963L, 
908094220L, 152967834L, 1521274895L, -1365453735L, -507258642L, 
1558748028L, 557623277L, -2116001641L, 1772874592L, -820475074L, 
1775002635L, 1697096845L, 1684002234L, 720354296L, 1822218145L, 
1460154707L, -210022284L, -1698389502L, -79774569L, -419479967L, 
-325278042L, -828207452L, -1614582955L, 1980368895L, 796956312L, 
1151556534L, 907661379L, -1760253563L, 852884002L, 429306128L, 
1644875961L, -1158982293L, 1193675868L, -1063968374L, 2077320575L, 
-1067849527L, -1705874082L, -891933172L, 1932427741L, 1525989607L, 
751449360L, -51454930L, 1284661979L, 1530540989L, 697306410L, 
73011656L, -130273551L, 680165475L, 1350792292L, -1633077358L, 
865082471L, -1022938063L, -982794890L, 642079380L, 1729046693L, 
39710127L, 1950897768L, 871435846L, -322073613L, -344720555L, 
1357559090L, 1399003392L, 1508262377L, 83358811L, -962269524L, 
-61953862L, -233553297L, 187797497L, -1400353138L, -1918460068L, 
1448403917L, -1309924553L, -1193166400L, -1947685218L, 878262123L, 
-1445826835L, 532028250L, 1598093336L, 1352963457L, 1114481459L, 
-381849260L, -304958622L, 1898557431L, -1112133567L, 805074118L, 
-1270566396L, -1497776715L, 1585472159L, 1552585464L, -545265962L, 
1702572899L, -873702619L, 2144504002L, 722216368L, -498924071L, 
-275680437L, -1210191428L, -1860406806L, -1220852193L, 4306089L, 
536988734L, -1784367828L, 1202655101L, 1144532423L, 105363632L, 
-2100607282L, 1011854331L, 891530333L, -512441462L, -264723544L, 
